16649 13039 667 17
16647 13042 658 17
16641 13042 658 17
16640 13042 664 17
16640 13043 672 17
16643 13044 674 17
16641 13043 679 17
16643 13042 683 17
16649 13043 689 17
16655 13042 686 17
16661 13041 680 17
16663 13034 680 17
16672 13038 679 17
16682 13046 680 17
16693 13057 679 17
16704 13082 683 17
16719 13117 686 17
16738 13167 685 17
16757 13220 686 17
16775 13278 688 17
16793 13338 689 17
16815 13393 686 17
16837 13441 689 17
16863 13484 695 17
16893 13519 698 17
16931 13545 700 17
16980 13561 703 17
17042 13565 710 17
17128 13554 713 17
17238 13518 713 17
17372 13462 716 17
17527 13386 721 17
17699 13294 724 17
17881 13192 726 17
18069 13088 727 17
18252 12988 730 17
18425 12893 730 17
18583 12811 727 17
18722 12742 727 17
18843 12685 727 17
18936 12640 726 17
19002 12610 727 17
19046 12594 726 17
19074 12583 726 17
19087 12578 724 17
19090 12577 723 17
19089 12578 723 17
19088 12578 720 17
19088 12576 718 17
19088 12575 714 17
19088 12573 707 17
19090 12576 690 17
19091 12574 575 17
19091 12575 455 17
19091 12575 336 17
19089 12575 220 17
19089 12576 108 17
19088 12572 4 17
19088 12572 0 16
19042 12551 0 16
18988 12527 0 16
18927 12493 0 16
18860 12464 0 16
18788 12424 0 16
18713 12378 0 16
18684 12355 0 16
18664 12328 0 16
18649 12319 0 16
18641 12305 0 16
18637 12303 0 16
18637 12306 0 16
18636 12308 0 16
18635 12316 0 16
0 0 0 0
