20273 13043 178 17
20273 13043 369 17
20269 13043 435 17
20272 13043 469 17
20271 13046 501 17
20267 13049 527 17
20259 13057 610 17
20239 13066 628 17
20214 13079 643 17
20173 13100 661 17
20121 13126 667 17
20056 13159 671 17
19981 13201 670 17
19908 13253 671 17
19832 13311 677 17
19765 13374 679 17
19704 13438 682 17
19654 13509 683 17
19618 13582 688 17
19599 13661 692 17
19601 13755 691 17
19630 13868 691 17
19688 14003 694 17
19774 14158 695 17
19888 14332 695 17
20013 14518 694 17
20148 14705 694 17
20281 14887 694 17
20406 15063 692 17
20519 15227 685 17
20614 15375 685 17
20694 15505 683 17
20755 15617 683 17
20798 15710 677 17
20827 15781 637 17
20845 15831 527 17
20854 15862 412 17
20859 15880 297 17
20862 15890 183 17
20863 15893 75 17
20863 15893 0 16
20866 15883 0 16
20868 15862 0 16
20867 15834 0 16
20861 15801 0 16
20852 15766 0 16
20835 15726 0 16
20803 15685 0 16
20768 15652 0 16
20728 15620 0 16
20673 15585 0 16
20609 15556 0 16
20544 15525 0 16
20491 15506 0 16
20443 15489 0 16
20404 15478 0 16
20384 15475 0 16
20376 15468 0 16
0 0 0 0
