21319 9014 124 17
21317 9009 373 17
21310 8996 456 17
21303 8982 498 17
21295 8966 524 17
21285 8948 545 17
21263 8915 634 17
21232 8877 643 17
21192 8837 650 17
21143 8796 656 17
21086 8760 664 17
21018 8726 665 17
20944 8696 668 17
20865 8673 668 17
20779 8657 670 17
20684 8646 668 17
20584 8639 665 17
20486 8644 668 17
20388 8657 668 17
20297 8678 668 17
20218 8710 656 17
20150 8754 661 17
20100 8810 655 17
20060 8872 653 17
20035 8946 652 17
20024 9031 647 17
20027 9127 655 17
20046 9230 653 17
20079 9341 659 17
20129 9457 662 17
20196 9574 662 17
20275 9685 665 17
20365 9789 667 17
20465 9880 667 17
20575 9956 668 17
20691 10019 665 17
20814 10072 665 17
20940 10116 667 17
21071 10148 664 17
21200 10170 662 17
21319 10183 661 17
21426 10182 659 17
21517 10165 661 17
21590 10134 659 17
21644 10091 665 17
21681 10038 670 17
21704 9973 674 17
21716 9902 677 17
21716 9830 680 17
21706 9754 682 17
21691 9676 683 17
21669 9600 682 17
21638 9531 677 17
21599 9466 676 17
21557 9404 670 17
21509 9354 670 17
21458 9315 668 17
21409 9286 665 17
21366 9271 668 17
21327 9272 668 17
21296 9291 673 17
21278 9325 673 17
21268 9378 673 17
21274 9454 676 17
21299 9550 676 17
21348 9666 677 17
21418 9800 676 17
21512 9948 677 17
21626 10100 679 17
21749 10246 679 17
21874 10380 676 17
21990 10495 671 17
22092 10588 643 17
22170 10653 529 17
22224 10697 415 17
22260 10724 302 17
22279 10739 192 17
22287 10745 84 17
22287 10745 0 16
22286 10698 0 16
22289 10640 0 16
22289 10572 0 16
22293 10497 0 16
22300 10416 0 16
22309 10336 0 16
22324 10311 0 16
22337 10303 0 16
22351 10317 0 16
22363 10343 0 16
22362 10384 0 16
22354 10427 0 16
22339 10465 0 16
22313 10504 0 16
22280 10530 0 16
22240 10557 0 16
22211 10574 0 16
22186 10591 0 16
22163 10603 0 16
22151 10608 0 16
22146 10615 0 16
0 0 0 0
